

              precision    recall  f1-score   support

           0       1.00      0.94      0.97        17
           1       0.95      0.90      0.93        21
           2       0.93      1.00      0.96        13
           3       1.00      0.90      0.95        10
           4       0.89      0.89      0.89         9
           5       0.50      0.50      0.50         4
           6       0.67      0.50      0.57         4
           7       0.55      0.86      0.67         7
           8       0.85      0.73      0.79        15
           9       1.00      1.00      1.00        13
          10       0.86      0.86      0.86         7
          11       1.00      1.00      1.00         6
          12       0.82      0.95      0.88        19
          13       0.79      1.00      0.88        22
          14       0.00      0.00      0.00         1
          15       1.00      1.00      1.00         5
          16       0.94      0.94      0.94        17
          17       0.96      1.00      0.98        22
          18       0.93      0.98      0.96        56
          19       0.89      1.00      0.94         8
          20       0.94      0.94      0.94        17
          21       0.88      0.88      0.88        17
          22       1.00      1.00      1.00        22
          23       0.94      1.00      0.97        15
          24       1.00      1.00      1.00        19
          25       1.00      0.67      0.80         3
          26       1.00      1.00      1.00        12
          27       0.80      1.00      0.89         8
          28       1.00      1.00      1.00        18
          29       1.00      0.96      0.98        27
          30       0.90      0.82      0.86        11
          31       1.00      1.00      1.00         2
          32       0.85      0.89      0.87        19
          33       0.96      0.96      0.96        28
          34       0.95      1.00      0.97        18
          36       0.80      0.80      0.80        10
          37       1.00      1.00      1.00         3
          38       1.00      1.00      1.00        35
          39       0.79      1.00      0.88        11
          40       0.94      1.00      0.97        17
          41       0.00      0.00      0.00         2
          42       0.77      0.95      0.85        21
          43       0.00      0.00      0.00         2
          44       0.71      0.71      0.71         7
          45       0.86      0.95      0.90        20
          46       1.00      0.90      0.95        10
          47       0.93      0.89      0.91        28
          48       0.86      0.92      0.89        13
          49       0.75      0.86      0.80         7
          50       0.40      0.33      0.36         6
          51       0.96      0.96      0.96        25
          52       1.00      1.00      1.00         1
          53       1.00      1.00      1.00         9
          54       0.80      0.62      0.70        13
          55       1.00      0.62      0.77         8
          56       0.75      0.60      0.67         5
          57       1.00      1.00      1.00         5
          58       1.00      0.89      0.94         9
          59       0.75      0.60      0.67         5
          60       1.00      1.00      1.00        12
          61       1.00      1.00      1.00         6
          62       0.88      0.64      0.74        11
          63       0.00      0.00      0.00         1
          64       0.96      0.93      0.95        29
          65       0.91      0.93      0.92        43
          66       1.00      1.00      1.00         1
          67       0.86      0.80      0.83        15
          68       0.83      0.77      0.80        13
          69       1.00      1.00      1.00        10
          70       1.00      0.74      0.85        23
          71       0.62      0.73      0.67        11
          72       0.95      0.91      0.93        23
          73       0.95      1.00      0.98        20
          74       0.94      1.00      0.97        17
          75       0.91      1.00      0.95        20
          76       0.97      0.97      0.97        38
          77       1.00      0.90      0.95        10
          78       0.50      1.00      0.67         1
          79       1.00      1.00      1.00        13
          80       0.60      1.00      0.75         3
          81       1.00      0.83      0.91        12
          82       0.00      0.00      0.00         1
          83       1.00      0.71      0.83         7
          84       1.00      0.80      0.89         5
          85       0.92      1.00      0.96        11
          86       1.00      1.00      1.00         3
          87       0.83      0.83      0.83        12
          88       0.88      0.72      0.79        39
          89       1.00      0.67      0.80         3
          90       0.91      1.00      0.95        10
          91       0.94      0.94      0.94        16
          92       0.80      1.00      0.89         4
          93       1.00      0.75      0.86         4
          94       0.95      0.88      0.91        24
          95       0.70      0.88      0.78         8
          96       1.00      0.96      0.98        28
          97       1.00      1.00      1.00        16
          98       0.70      0.88      0.78        16
          99       0.93      1.00      0.96        27
         100       1.00      1.00      1.00         2
         101       1.00      0.88      0.93         8
         102       0.00      0.00      0.00         1
         103       1.00      1.00      1.00         1
         104       1.00      0.33      0.50         3
         105       0.64      0.58      0.61        12
         106       1.00      1.00      1.00         6
         107       1.00      1.00      1.00         1
         108       1.00      1.00      1.00         4
         109       0.00      0.00      0.00         1
         110       0.00      0.00      0.00         1
         111       1.00      1.00      1.00         7
         112       0.89      0.89      0.89        19
         113       1.00      1.00      1.00         7
         114       1.00      1.00      1.00         3
         115       1.00      1.00      1.00         1
         116       0.00      0.00      0.00         1
         117       0.93      0.95      0.94        58
         118       0.80      0.80      0.80         5
         119       1.00      1.00      1.00         7
         120       0.75      0.88      0.81        34
         121       0.94      0.94      0.94        17

    accuracy                           0.91      1549
   macro avg       0.84      0.83      0.83      1549
weighted avg       0.91      0.91      0.90      1549

/usr/local/lib/python3.6/dist-packages/sklearn/metrics/_classification.py:1272: UndefinedMetricWarning: Precision and F-score are ill-defined and being set to 0.0 in labels with no predicted samples. Use `zero_division` parameter to control this behavior.
  _warn_prf(average, modifier, msg_start, len(result))

